//-------------------------------------------------------------------------
// Chapter 16 Practice: Lambdas
//-------------------------------------------------------------------------

#include <iterator>

int sat_data[] = 
{
    1127,
    1163,
    1218,
    1459,
    1097,
    906,
    605,
    481,
    1231,
    1159,
    678,
    436,
    1136,
    572,
    1002,
    816,
    1156,
    944,
    1291,
    676,
    1295,
    1093,
    1204,
    1483,
    1374,
    1189,
    1162,
    651,
    571,
    528,
    553,
    1183,
    1547,
    1044,
    897,
    796,
    1091,
    1354,
    580,
    1297,
    1225,
    984,
    552,
    1018,
    1024,
    406,
    1539,
    1390,
    480,
    414,
    1063,
    1314,
    1156,
    649,
    1215,
    684,
    798,
    1514,
    1504,
    1101,
    1522,
    1130,
    933,
    1487,
    1255,
    1334,
    527,
    672,
    1002,
    1318,
    986,
    1293,
    412,
    1429,
    915,
    1113,
    1414,
    1519,
    1146,
    466,
    1263,
    749,
    1101,
    1550,
    545,
    873,
    1096,
    1121,
    1101,
    944,
    1014,
    1481,
    984,
    1101,
    1210,
    750,
    1271,
    916,
    959,
    1096,
    701,
    1239,
    696,
    639,
    923,
    965,
    1183,
    1583,
    1593,
    849,
    1313,
    894,
    1342,
    701,
    754,
    1076,
    1280,
    1044,
    613,
    821,
    417,
    858,
    614,
    1161,
    608,
    503,
    1590,
    453,
    563,
    562,
    742,
    596,
    565,
    1386,
    1267,
    1369,
    912,
    1009,
    1279,
    468,
    1236,
    978,
    1244,
    1600,
    796,
    794,
    1241,
    600,
    740,
    1394,
    444,
    849,
    510,
    1280,
    1049,
    662,
    855,
    435,
    940,
    1367,
    917,
    457,
    763,
    1432,
    603,
    423,
    1155,
    737,
    577,
    1415,
    569,
    444,
    1453,
    1378,
    1271,
    419,
    771,
    1390,
    547,
    1091,
    990,
    480,
    524,
    767,
    1206,
    1215,
    665,
    712,
    421,
    755,
    1251,
    1219,
    1288,
    970,
    684,
    470,
    1229,
    1099,
    525,
    1279,
    1341,
    1179,
    1592,
    1541,
    937,
    756,
    771,
    1310,
    1586,
    670,
    478,
    638,
    414,
    937,
    554,
    1371,
    1092,
    404,
    1595,
    1542,
    891,
    1397,
    667,
    1086,
    804,
    634,
    1491,
    711,
    1452,
    1534,
    769,
    1300,
    1233,
    499,
    676,
    1510,
    1379,
    1136,
    826,
    1108,
    1514,
    791,
    640,
    1244,
    1194,
    581,
    1241,
    1278,
    1237,
    622,
    504,
    1155,
    1226,
    951,
    868,
    778,
    689,
    1116,
    439,
    1455,
    1574,
    1370,
    676,
    434,
    463,
    852,
    1484,
    1144,
    752,
    1489,
    1190,
    1523,
    1224,
    1135,
    1516,
    993,
    1421,
    845,
    1434,
    877,
    1060,
    1050,
    953,
    517,
    1440,
    978,
    562,
    715,
    867,
    1479,
    760,
    647,
    1380,
    1477,
    1367,
    658,
    1110,
    1263,
    1558,
    429,
    1200,
    1431,
    1390,
    1316,
    1119,
    412,
    1107,
    897,
    1533,
    553,
    642,
    699,
    675,
    1214,
    1554,
    490,
    653,
    965,
    865,
    1011,
    637,
    481,
    864,
    1444,
    561,
    1259,
    1430,
    882,
    1123,
    588,
    1045,
    1444,
    830,
    1242,
    1448,
    1350,
    998,
    715,
    1489,
    1021,
    725,
    1404,
    1239,
    1319,
    1192,
    869,
    777,
    579,
    822,
    854,
    1227,
    1338,
    1385,
    1244,
    1375,
    552,
    902,
    1007,
    1560,
    1072,
    1236,
    867,
    1171,
    775,
    781,
    1016,
    837,
    1556,
    449,
    900,
    1129,
    591,
    716,
    404,
    430,
    884,
    859,
    1103,
    1386,
    436,
    882,
    501,
    1499,
    864,
    1522,
    1423,
    1127,
    784,
    994,
    594,
    774,
    949,
    1386,
    1424,
    1217,
    729,
    1412,
    1375,
    605,
    1409,
    767,
    829,
    1046,
    649,
    629,
    1297,
    482,
    550,
    1027,
    427,
    459,
    1029,
    1026,
    1269,
    878,
    1105,
    729,
    594,
    1074,
    769,
    904,
    1099,
    931,
    1230,
    1149,
    854,
    528,
    1538,
    1053,
    1306,
    597,
    1270,
    1543,
    1170,
    1049,
    1137,
    568,
    425,
    623,
    937,
    449,
    1027,
    448,
    1184,
    457,
    1279,
    559,
    1112,
    1480,
    599,
    747,
    1459,
    795,
    1497,
    996,
    1190,
    1254,
    1230,
    985,
    404,
    1183,
    1573,
    1505,
    678,
    1559,
    869,
    1177,
    917,
    1203,
    1092,
    1544,
    502,
    1267,
    599,
    426,
    562,
    1525,
    836,
    914,
    590,
    1193,
    1136,
    1562,
    1106,
    1122,
    613,
    1310,
    1448,
    1120,
    558,
    852,
    452,
    1298,
    1335,
    1593,
    613,
    554,
    712,
    1577,
    530,
    1339,
    1201,
    1110,
    913,
    544,
    1272,
    1556,
    433,
    1018,
    480,
    602,
    442,
    626,
    921,
    969,
    519,
    616,
    1308,
    725,
    1294,
    1062,
    407,
    563,
    1285,
    438,
    932,
    689,
    423,
    1121,
    1384,
    1096,
    957,
    536,
    921,
    413,
    770,
    1356,
    932,
    848,
    1492,
    1121,
    966,
    937,
    552,
    1472,
    1031,
    1329,
    1215,
    1332,
    457,
    1205,
    874,
    790,
    654,
    594,
    647,
    1252,
    1453,
    684,
    1539,
    1324,
    791,
    439,
    1398,
    838,
    1390,
    510,
    473,
    559,
    1033,
    754,
    548,
    692,
    495,
    687,
    459,
    516,
    459,
    674,
    969,
    1177,
    1263,
    976,
    1154,
    1417,
    1398,
    1161,
    497,
    1489,
    1592,
    994,
    738,
    474,
    1275,
    1505,
    1167,
    692,
    1146,
    1544,
    856,
    1002,
    1147,
    526,
    1393,
    885,
    1025,
    1458,
    1280,
    1504,
    1217,
    752,
    1298,
    878,
    1343,
    1491,
    1483,
    614,
    841,
    446,
    818,
    471,
    1475,
    1359,
    1392,
    1319,
    961,
    717,
    1599,
    975,
    482,
    1418,
    1558,
    1002,
    920,
    1188,
    844,
    598,
    552,
    489,
    1054,
    676,
    1464,
    1171,
    1315,
    1353,
    608,
    1117,
    798,
    1368,
    550,
    592,
    816,
    625,
    1330,
    410,
    781,
    1524,
    1008,
    705,
    738,
    875,
    1526,
    952,
    1460,
    1595,
    978,
    1500,
    1026,
    1540,
    807,
    1111,
    712,
    1541,
    485,
    520,
    1047,
    735,
    1316,
    675,
    731,
    680,
    1270,
    1529,
    1233,
    1143,
    1453,
    521,
    1279,
    1283,
    895,
    471,
    940,
    905,
    664,
    1368,
    863,
    1209,
    769,
    949,
    723,
    827,
    1187,
    944,
    1355,
    1148,
    433,
    1496,
    468,
    1382,
    468,
    1450,
    1158,
    862,
    606,
    944,
    1481,
    435,
    1090,
    1374,
    639,
    1508,
    616,
    650,
    717,
    735,
    670,
    1197,
    1149,
    979,
    815,
    1043,
    780,
    981,
    762,
    902,
    418,
    1547,
    1148,
    1470,
    467,
    1497,
    1061,
    954,
    582,
    699,
    439,
    1509,
    601,
    844,
    1543,
    902,
    611,
    1378,
    481,
    440,
    1001,
    715,
    949,
    784,
    878,
    929,
    583,
    1100,
    1499,
    1245,
    930,
    1162,
    875,
    939,
    815,
    1053,
    1119,
    1234,
    1570,
    782,
    1022,
    991,
    650,
    1227,
    1476,
    1221,
    804,
    877,
    1593,
    796,
    732,
    1220,
    791,
    1367,
    1506,
    572,
    1178,
    487,
    1481,
    440,
    1404,
    638,
    595,
    1570,
    458,
    454,
    782,
    1466,
    1231,
    940,
    1344,
    1227,
    1425,
    1436,
    1121,
    833,
    1184,
    948,
    1200,
    1198,
    731,
    741,
    600,
    415,
    923,
    714,
    1185,
    521,
    1123,
    1295,
    1243,
    1477,
    1514,
    1345,
    467,
    974,
    773,
    1575,
    1149,
    928,
    960,
    1037,
    557,
    1318,
    1545,
    1145,
    734,
    1520,
    1010,
    1157,
    1084,
    773,
    948,
    849,
    746,
    516,
    1187,
    1397,
    885,
    1472,
    500,
    1435,
    708,
    1555,
    505,
    1427,
    671,
    1069,
    1400,
    894,
    497,
    435,
    599,
    1205,
    1249,
    642,
    850,
    1444,
    995,
    1172,
    1333,
    615,
    765,
    476,
    458,
    903,
    524,
    1231,
    1474,
    887,
    1555,
    634,
    708,
    781,
    795,
    1013,
    1121,
    1501,
    1407,
    778,
    698,
    1040,
    770,
    546,
    427,
    1335,
    615,
    693,
    1280,
    1170,
    894,
    865,
    1370,
    789,
    1023,
    1439,
    1343,
    1192,
    1499,
    1035,
    447,
    781,
    1320,
    878,
    1361,
    1240,
    1534,
    929,
    1318,
    852,
    1202,
    1245,
    1325,
    801,
    533,
    659,
    1588,
    674,
    1095,
    896,
    809,
    1566,
    953,
    1587,
    1281,
    1263,
    1113,
    661,
    439,
    423,
    844,
    1279,
    1394,
    998,
    1519,
    1577,
    720,
    910,
    881,
    1080,
    769,
    1245,
    564,
    1535,
    565,
    931,
    1413,
    1107,
    1224,
    558,
    894,
    529,
    1419,
    1506,
    757,
    1365,
    412,
    1015,
    1538,
    816,
    999,
    1012,
    1454,
    883,
    505,
    721,
    431,
    1544,
    997,
    468,
    455,
    1239,
    1242,
    1426,
    840,
    974,
    1399,
    864,
    486,
    1206,
    1215,
    1076,
    872,
    1240,
    446
};

int* sat_data_start = std::begin( sat_data );
int* sat_data_end   = std::end  ( sat_data );